nm	n	k				
290	2.176122	0.008644				
291	2.174238	0.008487				
292	2.17238	0.008333				
293	2.170546	0.008183				
294	2.168737	0.008037				
295	2.166953	0.007894				
296	2.165191	0.007755				
297	2.163453	0.00762				
298	2.161738	0.007487				
299	2.160046	0.007358				
300	2.158375	0.007232				
301	2.156726	0.007109				
302	2.155098	0.006989				
303	2.153491	0.006872				
304	2.151905	0.006758				
305	2.150338	0.006646				
306	2.148792	0.006537				
307	2.147265	0.00643				
308	2.145757	0.006326				
309	2.144267	0.006225				
310	2.142797	0.006125				
311	2.141344	0.006028				
312	2.139909	0.005933				
313	2.138492	0.00584				
314	2.137092	0.005749				
315	2.135709	0.005661				
316	2.134342	0.005574				
317	2.132992	0.005489				
318	2.131658	0.005406				
319	2.13034	0.005325				
320	2.129038	0.005245				
321	2.12775	0.005167				
322	2.126478	0.005091				
323	2.125221	0.005017				
324	2.123979	0.004944				
325	2.12275	0.004872				
326	2.121536	0.004802				
327	2.120336	0.004734				
328	2.11915	0.004667				
329	2.117977	0.004601				
330	2.116817	0.004537				
331	2.11567	0.004474				
332	2.114537	0.004412				
333	2.113415	0.004352				
334	2.112307	0.004292				
335	2.11121	0.004234				
336	2.110126	0.004177				
337	2.109054	0.004121				
338	2.107993	0.004067				
339	2.106944	0.004013				
340	2.105906	0.00396				
341	2.10488	0.003909				
342	2.103865	0.003858				
343	2.10286	0.003808				
344	2.101866	0.00376				
345	2.100883	0.003712				
346	2.09991	0.003665				
347	2.098948	0.003619				
348	2.097995	0.003574				
349	2.097052	0.00353				
350	2.09612	0.003486				
351	2.095196	0.003444				
352	2.094283	0.003402				
353	2.093379	0.003361				
354	2.092484	0.00332				
355	2.091598	0.003281				
356	2.090722	0.003242				
357	2.089854	0.003203				
358	2.088995	0.003166				
359	2.088144	0.003129				
360	2.087302	0.003093				
361	2.086469	0.003057				
362	2.085644	0.003022				
363	2.084826	0.002988				
364	2.084018	0.002954				
365	2.083216	0.002921				
366	2.082423	0.002888				
367	2.081638	0.002856				
368	2.08086	0.002824				
369	2.08009	0.002793				
370	2.079327	0.002763				
371	2.078571	0.002733				
372	2.077823	0.002703				
373	2.077082	0.002674				
374	2.076348	0.002646				
375	2.07562	0.002618				
376	2.0749	0.00259				
377	2.074187	0.002563				
378	2.07348	0.002537				
379	2.072779	0.00251				
380	2.072086	0.002484				
381	2.071398	0.002459				
382	2.070717	0.002434				
383	2.070043	0.002409				
384	2.069374	0.002385				
385	2.068712	0.002361				
386	2.068055	0.002338				
387	2.067405	0.002315				
388	2.066761	0.002292				
389	2.066122	0.00227				
390	2.065489	0.002247				
391	2.064862	0.002226				
392	2.06424	0.002204				
393	2.063624	0.002183				
394	2.063013	0.002163				
395	2.062407	0.002142				
396	2.061808	0.002122				
397	2.061213	0.002102				
398	2.060623	0.002083				
399	2.060039	0.002063				
400	2.05946	0.002044				
401	2.058885	0.002026				
402	2.058316	0.002007				
403	2.057751	0.001989				
404	2.057192	0.001971				
405	2.056637	0.001954				
406	2.056087	0.001936				
407	2.055542	0.001919				
408	2.055001	0.001902				
409	2.054465	0.001886				
410	2.053933	0.001869				
411	2.053406	0.001853				
412	2.052883	0.001837				
413	2.052364	0.001822				
414	2.05185	0.001806				
415	2.05134	0.001791				
416	2.050834	0.001776				
417	2.050333	0.001761				
418	2.049835	0.001746				
419	2.049342	0.001732				
420	2.048852	0.001717				
421	2.048367	0.001703				
422	2.047885	0.001689				
423	2.047408	0.001676				
424	2.046934	0.001662				
425	2.046464	0.001649				
426	2.045998	0.001636				
427	2.045536	0.001623				
428	2.045077	0.00161				
429	2.044621	0.001597				
430	2.04417	0.001585				
431	2.043722	0.001572				
432	2.043278	0.00156				
433	2.042837	0.001548				
434	2.042399	0.001536				
435	2.041965	0.001525				
436	2.041534	0.001513				
437	2.041107	0.001502				
438	2.040683	0.001491				
439	2.040262	0.001479				
440	2.039844	0.001468				
441	2.03943	0.001458				
442	2.039018	0.001447				
443	2.03861	0.001436				
444	2.038205	0.001426				
445	2.037803	0.001416				
446	2.037404	0.001405				
447	2.037009	0.001395				
448	2.036615	0.001385				
449	2.036225	0.001376				
450	2.035838	0.001366				
451	2.035454	0.001356				
452	2.035073	0.001347				
453	2.034694	0.001337				
454	2.034318	0.001328				
455	2.033945	0.001319				
456	2.033575	0.00131				
457	2.033207	0.001301				
458	2.032843	0.001292				
459	2.03248	0.001284				
460	2.032121	0.001275				
461	2.031764	0.001266				
462	2.03141	0.001258				
463	2.031058	0.00125				
464	2.030708	0.001242				
465	2.030361	0.001233				
466	2.030017	0.001225				
467	2.029675	0.001217				
468	2.029335	0.00121				
469	2.028999	0.001202				
470	2.028664	0.001194				
471	2.028332	0.001187				
472	2.028002	0.001179				
473	2.027674	0.001172				
474	2.027349	0.001164				
475	2.027025	0.001157				
476	2.026704	0.00115				
477	2.026386	0.001143				
478	2.026069	0.001136				
479	2.025755	0.001129				
480	2.025443	0.001122				
481	2.025133	0.001115				
482	2.024825	0.001108				
483	2.024519	0.001102				
484	2.024216	0.001095				
485	2.023914	0.001089				
486	2.023614	0.001082				
487	2.023317	0.001076				
488	2.023021	0.00107				
489	2.022728	0.001063				
490	2.022436	0.001057				
491	2.022147	0.001051				
492	2.021859	0.001045				
493	2.021573	0.001039				
494	2.021289	0.001033				
495	2.021007	0.001027				
496	2.020727	0.001022				
497	2.020449	0.001016				
498	2.020172	0.00101				
499	2.019898	0.001005				
500	2.019625	9.99E-4				
501	2.019354	9.93E-4				
502	2.019085	9.88E-4				
503	2.018817	9.83E-4				
504	2.018551	9.77E-4				
505	2.018287	9.72E-4				
506	2.018025	9.67E-4				
507	2.017764	9.62E-4				
508	2.017505	9.56E-4				
509	2.017247	9.51E-4				
510	2.016992	9.46E-4				
511	2.016738	9.41E-4				
512	2.016485	9.36E-4				
513	2.016234	9.32E-4				
514	2.015985	9.27E-4				
515	2.015737	9.22E-4				
516	2.015491	9.17E-4				
517	2.015246	9.13E-4				
518	2.015003	9.08E-4				
519	2.014762	9.03E-4				
520	2.014522	8.99E-4				
521	2.014283	8.94E-4				
522	2.014046	8.9E-4				
523	2.01381	8.85E-4				
524	2.013576	8.81E-4				
525	2.013343	8.77E-4				
526	2.013112	8.72E-4				
527	2.012882	8.68E-4				
528	2.012654	8.64E-4				
529	2.012427	8.6E-4				
530	2.012201	8.55E-4				
531	2.011976	8.51E-4				
532	2.011754	8.47E-4				
533	2.011532	8.43E-4				
534	2.011312	8.39E-4				
535	2.011093	8.35E-4				
536	2.010875	8.31E-4				
537	2.010659	8.27E-4				
538	2.010444	8.24E-4				
539	2.01023	8.2E-4				
540	2.010017	8.16E-4				
541	2.009806	8.12E-4				
542	2.009596	8.08E-4				
543	2.009387	8.05E-4				
544	2.00918	8.01E-4				
545	2.008974	7.98E-4				
546	2.008769	7.94E-4				
547	2.008565	7.9E-4				
548	2.008362	7.87E-4				
549	2.00816	7.83E-4				
550	2.00796	7.8E-4				
551	2.007761	7.76E-4				
552	2.007563	7.73E-4				
553	2.007366	7.7E-4				
554	2.00717	7.66E-4				
555	2.006976	7.63E-4				
556	2.006782	7.6E-4				
557	2.00659	7.56E-4				
558	2.006399	7.53E-4				
559	2.006208	7.5E-4				
560	2.006019	7.47E-4				
561	2.005831	7.44E-4				
562	2.005644	7.41E-4				
563	2.005458	7.38E-4				
564	2.005274	7.34E-4				
565	2.00509	7.31E-4				
566	2.004907	7.28E-4				
567	2.004725	7.25E-4				
568	2.004544	7.22E-4				
569	2.004365	7.19E-4				
570	2.004186	7.17E-4				
571	2.004008	7.14E-4				
572	2.003832	7.11E-4				
573	2.003656	7.08E-4				
574	2.003481	7.05E-4				
575	2.003307	7.02E-4				
576	2.003134	7E-4				
577	2.002962	6.97E-4				
578	2.002791	6.94E-4				
579	2.002621	6.91E-4				
580	2.002452	6.89E-4				
581	2.002284	6.86E-4				
582	2.002117	6.83E-4				
583	2.00195	6.81E-4				
584	2.001785	6.78E-4				
585	2.00162	6.75E-4				
586	2.001456	6.73E-4				
587	2.001294	6.7E-4				
588	2.001132	6.68E-4				
589	2.000971	6.65E-4				
590	2.000811	6.63E-4				
591	2.000651	6.6E-4				
592	2.000493	6.58E-4				
593	2.000335	6.56E-4				
594	2.000178	6.53E-4				
595	2.000022	6.51E-4				
596	1.999867	6.48E-4				
597	1.999713	6.46E-4				
598	1.999559	6.44E-4				
599	1.999406	6.41E-4				
600	1.999254	6.39E-4				
601	1.999103	6.37E-4				
602	1.998953	6.35E-4				
603	1.998803	6.32E-4				
604	1.998654	6.3E-4				
605	1.998506	6.28E-4				
606	1.998359	6.26E-4				
607	1.998213	6.23E-4				
608	1.998067	6.21E-4				
609	1.997922	6.19E-4				
610	1.997778	6.17E-4				
611	1.997634	6.15E-4				
612	1.997491	6.13E-4				
613	1.997349	6.11E-4				
614	1.997208	6.09E-4				
615	1.997067	6.07E-4				
616	1.996927	6.05E-4				
617	1.996788	6.03E-4				
618	1.99665	6E-4				
619	1.996512	5.99E-4				
620	1.996375	5.97E-4				
621	1.996238	5.95E-4				
622	1.996103	5.93E-4				
623	1.995968	5.91E-4				
624	1.995833	5.89E-4				
625	1.9957	5.87E-4				
626	1.995567	5.85E-4				
627	1.995434	5.83E-4				
628	1.995303	5.81E-4				
629	1.995171	5.79E-4				
630	1.995041	5.77E-4				
631	1.994911	5.76E-4				
632	1.994782	5.74E-4				
633	1.994654	5.72E-4				
634	1.994526	5.7E-4				
635	1.994398	5.68E-4				
636	1.994272	5.67E-4				
637	1.994146	5.65E-4				
638	1.99402	5.63E-4				
639	1.993896	5.61E-4				
640	1.993771	5.6E-4				
641	1.993648	5.58E-4				
642	1.993525	5.56E-4				
643	1.993402	5.55E-4				
644	1.993281	5.53E-4				
645	1.993159	5.51E-4				
646	1.993039	5.5E-4				
647	1.992919	5.48E-4				
648	1.992799	5.46E-4				
649	1.99268	5.45E-4				
650	1.992562	5.43E-4				
651	1.992444	5.42E-4				
652	1.992327	5.4E-4				
653	1.99221	5.38E-4				
654	1.992094	5.37E-4				
655	1.991978	5.35E-4				
656	1.991863	5.34E-4				
657	1.991749	5.32E-4				
658	1.991635	5.31E-4				
659	1.991521	5.29E-4				
660	1.991408	5.28E-4				
661	1.991296	5.26E-4				
662	1.991184	5.25E-4				
663	1.991073	5.23E-4				
664	1.990962	5.22E-4				
665	1.990852	5.2E-4				
666	1.990742	5.19E-4				
667	1.990633	5.18E-4				
668	1.990524	5.16E-4				
669	1.990415	5.15E-4				
670	1.990308	5.13E-4				
671	1.9902	5.12E-4				
672	1.990093	5.11E-4				
673	1.989987	5.09E-4				
674	1.989881	5.08E-4				
675	1.989776	5.06E-4				
676	1.989671	5.05E-4				
677	1.989566	5.04E-4				
678	1.989462	5.02E-4				
679	1.989359	5.01E-4				
680	1.989256	5E-4				
681	1.989153	4.98E-4				
682	1.989051	4.97E-4				
683	1.98895	4.96E-4				
684	1.988848	4.95E-4				
685	1.988748	4.93E-4				
686	1.988647	4.92E-4				
687	1.988548	4.91E-4				
688	1.988448	4.9E-4				
689	1.988349	4.88E-4				
690	1.988251	4.87E-4				
691	1.988153	4.86E-4				
692	1.988055	4.85E-4				
693	1.987958	4.83E-4				
694	1.987861	4.82E-4				
695	1.987764	4.81E-4				
696	1.987668	4.8E-4				
697	1.987573	4.79E-4				
698	1.987478	4.77E-4				
699	1.987383	4.76E-4				
700	1.987289	4.75E-4				
701	1.987195	4.74E-4				
702	1.987101	4.73E-4				
703	1.987008	4.72E-4				
704	1.986915	4.71E-4				
705	1.986823	4.69E-4				
706	1.986731	4.68E-4				
707	1.98664	4.67E-4				
708	1.986549	4.66E-4				
709	1.986458	4.65E-4				
710	1.986368	4.64E-4				
711	1.986278	4.63E-4				
712	1.986188	4.62E-4				
713	1.986099	4.61E-4				
714	1.98601	4.6E-4				
715	1.985922	4.59E-4				
716	1.985833	4.57E-4				
717	1.985746	4.56E-4				
718	1.985658	4.55E-4				
719	1.985571	4.54E-4				
720	1.985485	4.53E-4				
721	1.985399	4.52E-4				
722	1.985313	4.51E-4				
723	1.985227	4.5E-4				
724	1.985142	4.49E-4				
725	1.985057	4.48E-4				
726	1.984973	4.47E-4				
727	1.984889	4.46E-4				
728	1.984805	4.45E-4				
729	1.984721	4.44E-4				
730	1.984638	4.43E-4				
731	1.984556	4.42E-4				
732	1.984473	4.41E-4				
733	1.984391	4.4E-4				
734	1.984309	4.39E-4				
735	1.984228	4.39E-4				
736	1.984147	4.38E-4				
737	1.984066	4.37E-4				
738	1.983986	4.36E-4				
739	1.983906	4.35E-4				
740	1.983826	4.34E-4				
741	1.983747	4.33E-4				
742	1.983667	4.32E-4				
743	1.983589	4.31E-4				
744	1.98351	4.3E-4				
745	1.983432	4.29E-4				
746	1.983354	4.28E-4				
747	1.983276	4.28E-4				
748	1.983199	4.27E-4				
749	1.983122	4.26E-4				
750	1.983046	4.25E-4				
751	1.982969	4.24E-4				
752	1.982893	4.23E-4				
753	1.982818	4.22E-4				
754	1.982742	4.22E-4				
755	1.982667	4.21E-4				
756	1.982592	4.2E-4				
757	1.982518	4.19E-4				
758	1.982443	4.18E-4				
759	1.98237	4.17E-4				
760	1.982296	4.17E-4				
761	1.982223	4.16E-4				
762	1.982149	4.15E-4				
763	1.982077	4.14E-4				
764	1.982004	4.13E-4				
765	1.981932	4.13E-4				
766	1.98186	4.12E-4				
767	1.981788	4.11E-4				
768	1.981717	4.1E-4				
769	1.981646	4.09E-4				
770	1.981575	4.09E-4				
771	1.981504	4.08E-4				
772	1.981434	4.07E-4				
773	1.981364	4.06E-4				
774	1.981294	4.06E-4				
775	1.981225	4.05E-4				
776	1.981155	4.04E-4				
777	1.981086	4.03E-4				
778	1.981018	4.03E-4				
779	1.980949	4.02E-4				
780	1.980881	4.01E-4				
781	1.980813	4E-4				
782	1.980745	4E-4				
783	1.980678	3.99E-4				
784	1.980611	3.98E-4				
785	1.980544	3.97E-4				
786	1.980477	3.97E-4				
787	1.98041	3.96E-4				
788	1.980344	3.95E-4				
789	1.980278	3.95E-4				
790	1.980213	3.94E-4				
791	1.980147	3.93E-4				
792	1.980082	3.92E-4				
793	1.980017	3.92E-4				
794	1.979952	3.91E-4				
795	1.979888	3.9E-4				
796	1.979823	3.9E-4				
797	1.979759	3.89E-4				
798	1.979696	3.88E-4				
799	1.979632	3.88E-4				
800	1.979569	3.87E-4				
801	1.979506	3.86E-4				
802	1.979443	3.86E-4				
803	1.97938	3.85E-4				
804	1.979318	3.84E-4				
805	1.979256	3.84E-4				
806	1.979194	3.83E-4				
807	1.979132	3.82E-4				
808	1.97907	3.82E-4				
809	1.979009	3.81E-4				
810	1.978948	3.81E-4				
811	1.978887	3.8E-4				
812	1.978827	3.79E-4				
813	1.978766	3.79E-4				
814	1.978706	3.78E-4				
815	1.978646	3.77E-4				
816	1.978586	3.77E-4				
817	1.978527	3.76E-4				
818	1.978467	3.76E-4				
819	1.978408	3.75E-4				
820	1.978349	3.74E-4				
821	1.97829	3.74E-4				
822	1.978232	3.73E-4				
823	1.978174	3.73E-4				
824	1.978116	3.72E-4				
825	1.978058	3.71E-4				
826	1.978	3.71E-4				
827	1.977942	3.7E-4				
828	1.977885	3.7E-4				
829	1.977828	3.69E-4				
830	1.977771	3.69E-4				
831	1.977714	3.68E-4				
832	1.977658	3.67E-4				
833	1.977602	3.67E-4				
834	1.977545	3.66E-4				
835	1.97749	3.66E-4				
836	1.977434	3.65E-4				
837	1.977378	3.65E-4				
838	1.977323	3.64E-4				
839	1.977268	3.64E-4				
840	1.977213	3.63E-4				
841	1.977158	3.62E-4				
842	1.977103	3.62E-4				
843	1.977049	3.61E-4				
844	1.976995	3.61E-4				
845	1.976941	3.6E-4				
846	1.976887	3.6E-4				
847	1.976833	3.59E-4				
848	1.97678	3.59E-4				
849	1.976726	3.58E-4				
850	1.976673	3.58E-4				
851	1.97662	3.57E-4				
852	1.976568	3.57E-4				
853	1.976515	3.56E-4				
854	1.976462	3.56E-4				
855	1.97641	3.55E-4				
856	1.976358	3.55E-4				
857	1.976306	3.54E-4				
858	1.976254	3.54E-4				
859	1.976203	3.53E-4				
860	1.976151	3.53E-4				
861	1.9761	3.52E-4				
862	1.976049	3.52E-4				
863	1.975998	3.51E-4				
864	1.975948	3.51E-4				
865	1.975897	3.5E-4				
866	1.975847	3.5E-4				
867	1.975796	3.49E-4				
868	1.975746	3.49E-4				
869	1.975696	3.48E-4				
870	1.975647	3.48E-4				
871	1.975597	3.47E-4				
872	1.975548	3.47E-4				
873	1.975499	3.46E-4				
874	1.975449	3.46E-4				
875	1.9754	3.45E-4				
876	1.975352	3.45E-4				
877	1.975303	3.45E-4				
878	1.975255	3.44E-4				
879	1.975206	3.44E-4				
880	1.975158	3.43E-4				
881	1.97511	3.43E-4				
882	1.975062	3.42E-4				
883	1.975015	3.42E-4				
884	1.974967	3.41E-4				
885	1.97492	3.41E-4				
886	1.974872	3.4E-4				
887	1.974825	3.4E-4				
888	1.974778	3.4E-4				
889	1.974732	3.39E-4				
890	1.974685	3.39E-4				
891	1.974638	3.38E-4				
892	1.974592	3.38E-4				
893	1.974546	3.37E-4				
894	1.9745	3.37E-4				
895	1.974454	3.37E-4				
896	1.974408	3.36E-4				
897	1.974362	3.36E-4				
898	1.974317	3.35E-4				
899	1.974272	3.35E-4				
900	1.974226	3.35E-4				
901	1.974181	3.34E-4				
902	1.974136	3.34E-4				
903	1.974092	3.33E-4				
904	1.974047	3.33E-4				
905	1.974002	3.32E-4				
906	1.973958	3.32E-4				
907	1.973914	3.32E-4				
908	1.97387	3.31E-4				
909	1.973826	3.31E-4				
910	1.973782	3.3E-4				
911	1.973738	3.3E-4				
912	1.973695	3.3E-4				
913	1.973651	3.29E-4				
914	1.973608	3.29E-4				
915	1.973565	3.29E-4				
916	1.973522	3.28E-4				
917	1.973479	3.28E-4				
918	1.973436	3.27E-4				
919	1.973393	3.27E-4				
920	1.973351	3.27E-4				
921	1.973308	3.26E-4				
922	1.973266	3.26E-4				
923	1.973224	3.25E-4				
924	1.973182	3.25E-4				
925	1.97314	3.25E-4				
926	1.973098	3.24E-4				
927	1.973057	3.24E-4				
928	1.973015	3.24E-4				
929	1.972974	3.23E-4				
930	1.972932	3.23E-4				
931	1.972891	3.23E-4				
932	1.97285	3.22E-4				
933	1.972809	3.22E-4				
934	1.972768	3.21E-4				
935	1.972728	3.21E-4				
936	1.972687	3.21E-4				
937	1.972647	3.2E-4				
938	1.972606	3.2E-4				
939	1.972566	3.2E-4				
940	1.972526	3.19E-4				
941	1.972486	3.19E-4				
942	1.972446	3.19E-4				
943	1.972407	3.18E-4				
944	1.972367	3.18E-4				
945	1.972327	3.18E-4				
946	1.972288	3.17E-4				
947	1.972249	3.17E-4				
948	1.972209	3.17E-4				
949	1.97217	3.16E-4				
950	1.972131	3.16E-4				
951	1.972093	3.16E-4				
952	1.972054	3.15E-4				
953	1.972015	3.15E-4				
954	1.971977	3.15E-4				
955	1.971938	3.14E-4				
956	1.9719	3.14E-4				
957	1.971862	3.14E-4				
958	1.971824	3.13E-4				
959	1.971786	3.13E-4				
960	1.971748	3.13E-4				
961	1.97171	3.12E-4				
962	1.971672	3.12E-4				
963	1.971635	3.12E-4				
964	1.971597	3.11E-4				
965	1.97156	3.11E-4				
966	1.971523	3.11E-4				
967	1.971486	3.11E-4				
968	1.971449	3.1E-4				
969	1.971412	3.1E-4				
970	1.971375	3.1E-4				
971	1.971338	3.09E-4				
972	1.971302	3.09E-4				
973	1.971265	3.09E-4				
974	1.971229	3.08E-4				
975	1.971192	3.08E-4				
976	1.971156	3.08E-4				
977	1.97112	3.07E-4				
978	1.971084	3.07E-4				
979	1.971048	3.07E-4				
980	1.971012	3.07E-4				
981	1.970976	3.06E-4				
982	1.970941	3.06E-4				
983	1.970905	3.06E-4				
984	1.97087	3.05E-4				
985	1.970834	3.05E-4				
986	1.970799	3.05E-4				
987	1.970764	3.05E-4				
988	1.970729	3.04E-4				
989	1.970694	3.04E-4				
990	1.970659	3.04E-4				
991	1.970624	3.03E-4				
992	1.97059	3.03E-4				
993	1.970555	3.03E-4				
994	1.970521	3.03E-4				
995	1.970486	3.02E-4				
996	1.970452	3.02E-4				
997	1.970418	3.02E-4				
998	1.970384	3.02E-4				
999	1.970349	3.01E-4				
1000	1.970315	3.01E-4				
1002.5	1.970231	3E-4				
1005	1.970147	3E-4				
1007.5	1.970064	2.99E-4				
1010	1.969981	2.98E-4				
1012.5	1.969898	2.98E-4				
1015	1.969817	2.97E-4				
1017.5	1.969735	2.96E-4				
1020	1.969654	2.96E-4				
1022.5	1.969574	2.95E-4				
1025	1.969494	2.95E-4				
1027.5	1.969415	2.94E-4				
1030	1.969336	2.93E-4				
1032.5	1.969258	2.93E-4				
1035	1.96918	2.92E-4				
1037.5	1.969103	2.92E-4				
1040	1.969026	2.91E-4				
1042.5	1.96895	2.9E-4				
1045	1.968874	2.9E-4				
1047.5	1.968799	2.89E-4				
1050	1.968724	2.89E-4				
1052.5	1.968649	2.88E-4				
1055	1.968575	2.88E-4				
1057.5	1.968501	2.87E-4				
1060	1.968428	2.86E-4				
1062.5	1.968355	2.86E-4				
1065	1.968283	2.85E-4				
1067.5	1.968211	2.85E-4				
1070	1.96814	2.84E-4				
1072.5	1.968069	2.84E-4				
1075	1.967998	2.83E-4				
1077.5	1.967928	2.83E-4				
1080	1.967858	2.82E-4				
1082.5	1.967788	2.82E-4				
1085	1.967719	2.81E-4				
1087.5	1.967651	2.81E-4				
1090	1.967582	2.8E-4				
1092.5	1.967515	2.8E-4				
1095	1.967447	2.79E-4				
1097.5	1.96738	2.79E-4				
1100	1.967313	2.79E-4				
1102.5	1.967247	2.78E-4				
1105	1.967181	2.78E-4				
1107.5	1.967115	2.77E-4				
1110	1.96705	2.77E-4				
1112.5	1.966985	2.76E-4				
1115	1.96692	2.76E-4				
1117.5	1.966856	2.75E-4				
1120	1.966792	2.75E-4				
1122.5	1.966729	2.75E-4				
1125	1.966665	2.74E-4				
1127.5	1.966602	2.74E-4				
1130	1.96654	2.73E-4				
1132.5	1.966478	2.73E-4				
1135	1.966416	2.72E-4				
1137.5	1.966354	2.72E-4				
1140	1.966293	2.72E-4				
1142.5	1.966232	2.71E-4				
1145	1.966171	2.71E-4				
1147.5	1.966111	2.7E-4				
1150	1.966051	2.7E-4				
1152.5	1.965991	2.7E-4				
1155	1.965932	2.69E-4				
1157.5	1.965873	2.69E-4				
1160	1.965814	2.69E-4				
1162.5	1.965755	2.68E-4				
1165	1.965697	2.68E-4				
1167.5	1.965639	2.67E-4				
1170	1.965582	2.67E-4				
1172.5	1.965524	2.67E-4				
1175	1.965467	2.66E-4				
1177.5	1.96541	2.66E-4				
1180	1.965354	2.66E-4				
1182.5	1.965298	2.65E-4				
1185	1.965242	2.65E-4				
1187.5	1.965186	2.65E-4				
1190	1.96513	2.64E-4				
1192.5	1.965075	2.64E-4				
1195	1.96502	2.64E-4				
1197.5	1.964965	2.63E-4				
1200	1.964911	2.63E-4				
1202.5	1.964857	2.63E-4				
1205	1.964803	2.62E-4				
1207.5	1.964749	2.62E-4				
1210	1.964696	2.62E-4				
1212.5	1.964643	2.62E-4				
1215	1.964589	2.61E-4				
1217.5	1.964537	2.61E-4				
1220	1.964484	2.61E-4				
1222.5	1.964432	2.6E-4				
1225	1.96438	2.6E-4				
1227.5	1.964328	2.6E-4				
1230	1.964277	2.59E-4				
1232.5	1.964225	2.59E-4				
1235	1.964174	2.59E-4				
1237.5	1.964123	2.59E-4				
1240	1.964073	2.58E-4				
1242.5	1.964022	2.58E-4				
1245	1.963972	2.58E-4				
1247.5	1.963922	2.57E-4				
1250	1.963872	2.57E-4				
1252.5	1.963822	2.57E-4				
1255	1.963773	2.57E-4				
1257.5	1.963724	2.56E-4				
1260	1.963675	2.56E-4				
1262.5	1.963626	2.56E-4				
1265	1.963577	2.56E-4				
1267.5	1.963529	2.55E-4				
1270	1.963481	2.55E-4				
1272.5	1.963433	2.55E-4				
1275	1.963385	2.55E-4				
1277.5	1.963337	2.54E-4				
1280	1.96329	2.54E-4				
1282.5	1.963243	2.54E-4				
1285	1.963196	2.54E-4				
1287.5	1.963149	2.53E-4				
1290	1.963102	2.53E-4				
1292.5	1.963055	2.53E-4				
1295	1.963009	2.53E-4				
1297.5	1.962963	2.53E-4				
1300	1.962917	2.52E-4				
1302.5	1.962871	2.52E-4				
1305	1.962826	2.52E-4				
1307.5	1.96278	2.52E-4				
1310	1.962735	2.51E-4				
1312.5	1.96269	2.51E-4				
1315	1.962645	2.51E-4				
1317.5	1.9626	2.51E-4				
1320	1.962556	2.51E-4				
1322.5	1.962511	2.5E-4				
1325	1.962467	2.5E-4				
1327.5	1.962423	2.5E-4				
1330	1.962379	2.5E-4				
1332.5	1.962335	2.5E-4				
1335	1.962291	2.49E-4				
1337.5	1.962248	2.49E-4				
1340	1.962204	2.49E-4				
1342.5	1.962161	2.49E-4				
1345	1.962118	2.49E-4				
1347.5	1.962075	2.48E-4				
1350	1.962032	2.48E-4				
1352.5	1.96199	2.48E-4				
1355	1.961947	2.48E-4				
1357.5	1.961905	2.48E-4				
1360	1.961863	2.47E-4				
1362.5	1.961821	2.47E-4				
1365	1.961779	2.47E-4				
1367.5	1.961737	2.47E-4				
1370	1.961696	2.47E-4				
1372.5	1.961654	2.47E-4				
1375	1.961613	2.46E-4				
1377.5	1.961572	2.46E-4				
1380	1.961531	2.46E-4				
1382.5	1.96149	2.46E-4				
1385	1.961449	2.46E-4				
1387.5	1.961408	2.46E-4				
1390	1.961368	2.45E-4				
1392.5	1.961327	2.45E-4				
1395	1.961287	2.45E-4				
1397.5	1.961247	2.45E-4				
1400	1.961207	2.45E-4				
1402.5	1.961167	2.45E-4				
1405	1.961127	2.44E-4				
1407.5	1.961087	2.44E-4				
1410	1.961048	2.44E-4				
1412.5	1.961009	2.44E-4				
1415	1.960969	2.44E-4				
1417.5	1.96093	2.44E-4				
1420	1.960891	2.44E-4				
1422.5	1.960852	2.43E-4				
1425	1.960813	2.43E-4				
1427.5	1.960774	2.43E-4				
1430	1.960736	2.43E-4				
1432.5	1.960697	2.43E-4				
1435	1.960659	2.43E-4				
1437.5	1.960621	2.43E-4				
1440	1.960582	2.42E-4				
1442.5	1.960544	2.42E-4				
1445	1.960506	2.42E-4				
1447.5	1.960469	2.42E-4				
1450	1.960431	2.42E-4				
1452.5	1.960393	2.42E-4				
1455	1.960356	2.42E-4				
1457.5	1.960318	2.41E-4				
1460	1.960281	2.41E-4				
1462.5	1.960244	2.41E-4				
1465	1.960206	2.41E-4				
1467.5	1.960169	2.41E-4				
1470	1.960132	2.41E-4				
1472.5	1.960096	2.41E-4				
1475	1.960059	2.41E-4				
1477.5	1.960022	2.41E-4				
1480	1.959986	2.4E-4				
1482.5	1.959949	2.4E-4				
1485	1.959913	2.4E-4				
1487.5	1.959877	2.4E-4				
1490	1.95984	2.4E-4				
1492.5	1.959804	2.4E-4				
1495	1.959768	2.4E-4				
1497.5	1.959732	2.4E-4				
1500	1.959696	2.4E-4				
1502.5	1.959661	2.39E-4				
1505	1.959625	2.39E-4				
1507.5	1.959589	2.39E-4				
1510	1.959554	2.39E-4				
1512.5	1.959519	2.39E-4				
1515	1.959483	2.39E-4				
1517.5	1.959448	2.39E-4				
1520	1.959413	2.39E-4				
1522.5	1.959378	2.39E-4				
1525	1.959343	2.39E-4				
1527.5	1.959308	2.38E-4				
1530	1.959273	2.38E-4				
1532.5	1.959238	2.38E-4				
1535	1.959204	2.38E-4				
1537.5	1.959169	2.38E-4				
1540	1.959135	2.38E-4				
1542.5	1.9591	2.38E-4				
1545	1.959066	2.38E-4				
1547.5	1.959031	2.38E-4				
1550	1.958997	2.38E-4				
1552.5	1.958963	2.37E-4				
1555	1.958929	2.37E-4				
1557.5	1.958895	2.37E-4				
1560	1.958861	2.37E-4				
1562.5	1.958827	2.37E-4				
1565	1.958794	2.37E-4				
1567.5	1.95876	2.37E-4				
1570	1.958726	2.37E-4				
1572.5	1.958693	2.37E-4				
1575	1.958659	2.37E-4				
1577.5	1.958626	2.37E-4				
1580	1.958592	2.37E-4				
1582.5	1.958559	2.37E-4				
1585	1.958526	2.36E-4				
1587.5	1.958493	2.36E-4				
1590	1.958459	2.36E-4				
1592.5	1.958426	2.36E-4				
1595	1.958394	2.36E-4				
1597.5	1.958361	2.36E-4				
1600	1.958328	2.36E-4				
1602.5	1.958295	2.36E-4				
1605	1.958262	2.36E-4				
1607.5	1.95823	2.36E-4				
1610	1.958197	2.36E-4				
1612.5	1.958164	2.36E-4				
1615	1.958132	2.36E-4				
1617.5	1.9581	2.36E-4				
1620	1.958067	2.36E-4				
1622.5	1.958035	2.35E-4				
1625	1.958003	2.35E-4				
1627.5	1.95797	2.35E-4				
1630	1.957938	2.35E-4				
1632.5	1.957906	2.35E-4				
1635	1.957874	2.35E-4				
1637.5	1.957842	2.35E-4				
1640	1.95781	2.35E-4				
1642.5	1.957778	2.35E-4				
1645	1.957747	2.35E-4				
1647.5	1.957715	2.35E-4				
1650	1.957683	2.35E-4				
1652.5	1.957652	2.35E-4				
1655	1.95762	2.35E-4				
1657.5	1.957588	2.35E-4				
1660	1.957557	2.35E-4				
1662.5	1.957525	2.35E-4				
1665	1.957494	2.34E-4				
1667.5	1.957463	2.34E-4				
1670	1.957431	2.34E-4				
1672.5	1.9574	2.34E-4				
1675	1.957369	2.34E-4				
1677.5	1.957338	2.34E-4				
1680	1.957307	2.34E-4				
1682.5	1.957276	2.34E-4				
1685	1.957245	2.34E-4				
1687.5	1.957214	2.34E-4				
1690	1.957183	2.34E-4				
