["port 1","LEFT"]
["port 2","LEFT"]
["port 3","RIGHT"]
["port 4","RIGHT"]
("port 1","mode 1",1,"port 1",1,"transmission")
(20, 3)
1.9217465256410256e+14 7.4024229436213994e-03 8.7583799813746810e-01
1.9230600912771438e+14 7.1930315943453350e-03 1.1709767641382924e+00
1.9243736569132622e+14 6.9328924429370208e-03 1.4650052456837408e+00
1.9256872225493803e+14 6.6268868722806455e-03 1.7576868288531813e+00
1.9270007881854988e+14 6.2800025239554439e-03 2.0488156828896988e+00
1.9283143538216169e+14 5.8970577600530377e-03 2.3382033617512237e+00
1.9296279194577353e+14 5.4824718417281586e-03 2.6256533024289115e+00
1.9309414850938534e+14 5.0401004884776546e-03 2.9109151867733440e+00
1.9322550507299719e+14 4.5731538091563903e-03 3.1936046454462574e+00
1.9335686163660900e+14 4.0842112544042294e-03 3.4730590896952318e+00
1.9348821820022084e+14 3.5753503509685413e-03 3.7480642801200648e+00
1.9361957476383266e+14 3.0484245404490051e-03 4.0162884888176267e+00
1.9375093132744450e+14 2.5056004059132351e-03 4.2729634647734240e+00
1.9388228789105631e+14 1.9505600325715644e-03 4.5072877636650670e+00
1.9401364445466816e+14 1.3921690160204232e-03 4.6903170863262602e+00
1.9414500101827997e+14 8.6152436726205899e-04 4.7213485139062792e+00
1.9427635758189181e+14 5.2639174394825117e-04 4.2247893654234439e+00
1.9440771414550362e+14 7.7163944764950098e-04 3.5747878073334229e+00
1.9453907070911547e+14 1.3182112065327101e-03 3.5407489529575380e+00
1.9467042727272728e+14 1.9304452641192868e-03 3.7108578848756308e+00
("port 1","mode 1",1,"port 2",1,"transmission")
(20, 3)
1.9217465256410256e+14 1.4935374643718891e-03 -1.0870070401527382e-03
1.9230600912771438e+14 1.6293694324631327e-03 5.3630536151144748e-01
1.9243736569132622e+14 1.7545160066583323e-03 1.0929837112918024e+00
1.9256872225493803e+14 1.8647124373532761e-03 1.6637118383253464e+00
1.9270007881854988e+14 1.9575096983980170e-03 2.2447339490267963e+00
1.9283143538216169e+14 2.0317686255287267e-03 2.8333119635129393e+00
1.9296279194577353e+14 2.0873211042755089e-03 3.4273807899211151e+00
1.9309414850938534e+14 2.1247234066067750e-03 4.0253114382751782e+00
1.9322550507299719e+14 2.1450621043350693e-03 4.6257520543513477e+00
1.9335686163660900e+14 2.1497968343956184e-03 5.2275221583526896e+00
1.9348821820022084e+14 2.1406362843021708e-03 5.8295440242341066e+00
1.9361957476383266e+14 2.1194467461343328e-03 6.4308018691038855e+00
1.9375093132744450e+14 2.0881903682927984e-03 7.0303235303376717e+00
1.9388228789105631e+14 2.0488867691111448e-03 7.6271811769635782e+00
1.9401364445466816e+14 2.0035895213365413e-03 8.2205083600723938e+00
1.9414500101827997e+14 1.9543686410420672e-03 8.8095312416298235e+00
1.9427635758189181e+14 1.9032905883483485e-03 9.3936123887943985e+00
1.9440771414550362e+14 1.8523873439223464e-03 9.9723054380152441e+00
1.9453907070911547e+14 1.8036060877849576e-03 1.0545417006264817e+01
1.9467042727272728e+14 1.7587326364169893e-03 1.1113067605687412e+01
("port 1","mode 1",1,"port 3",1,"transmission")
(20, 3)
1.9217465256410256e+14 9.5234146881742554e-01 -1.2993789495387735e+00
1.9230600912771438e+14 9.5295705384576068e-01 -9.5196890550262814e-01
1.9243736569132622e+14 9.5355839468513426e-01 -6.0390863527349747e-01
1.9256872225493803e+14 9.5414788181809729e-01 -2.5520143000565265e-01
1.9270007881854988e+14 9.5472845923951744e-01 9.4151267563990726e-02
1.9283143538216169e+14 9.5530244308868228e-01 4.4414980649918484e-01
1.9296279194577353e+14 9.5587062446313076e-01 7.9479553107184964e-01
1.9309414850938534e+14 9.5643202996411780e-01 1.1460895894701359e+00
1.9322550507299719e+14 9.5698442964847841e-01 1.4980318586872177e+00
1.9335686163660900e+14 9.5752536079651884e-01 1.8506204403888709e+00
1.9348821820022084e+14 9.5805321718984371e-01 2.2038519303141997e+00
1.9361957476383266e+14 9.5856793216749481e-01 2.5577223265223745e+00
1.9375093132744450e+14 9.5907096753468135e-01 2.9122281673982937e+00
1.9388228789105631e+14 9.5956462707442114e-01 3.2673673978490281e+00
1.9401364445466816e+14 9.6005100716664393e-01 3.6231395894577534e+00
1.9414500101827997e+14 9.6053104953699886e-01 3.9795454281860474e+00
1.9427635758189181e+14 9.6100410850307039e-01 4.3365857028516901e+00
1.9440771414550362e+14 9.6146821461496312e-01 4.6942602391195329e+00
1.9453907070911547e+14 9.6192091274631997e-01 5.0525672377458992e+00
1.9467042727272728e+14 9.6236030939442863e-01 5.4115032914409049e+00
("port 1","mode 1",1,"port 4",1,"transmission")
(20, 3)
1.9217465256410256e+14 2.7112303281290606e-01 1.6067917283709072e+00
1.9230600912771438e+14 2.6906985042884307e-01 2.0659291020888784e+00
1.9243736569132622e+14 2.6702756104425840e-01 2.5259377436002528e+00
1.9256872225493803e+14 2.6499551391229947e-01 2.9868215635881588e+00
1.9270007881854988e+14 2.6297236131568452e-01 3.4485812224273631e+00
1.9283143538216169e+14 2.6095684570640848e-01 3.9112133662958417e+00
1.9296279194577353e+14 2.5894844712283732e-01 4.3747120303352807e+00
1.9309414850938534e+14 2.5694755392806068e-01 4.8390712599474233e+00
1.9322550507299719e+14 2.5495511311255525e-01 5.3042873840981981e+00
1.9335686163660900e+14 2.5297201399037933e-01 5.7703596897792524e+00
1.9348821820022084e+14 2.5099858818193849e-01 6.2372892682386833e+00
1.9361957476383266e+14 2.4903450451022974e-01 6.7050768940179442e+00
1.9375093132744450e+14 2.4707907698724774e-01 7.1737213038124983e+00
1.9388228789105631e+14 2.4513175361370071e-01 7.6432188885412033e+00
1.9401364445466816e+14 2.4319246444770709e-01 8.1135648576863524e+00
1.9414500101827997e+14 2.4126162441935184e-01 8.5847550002208344e+00
1.9427635758189181e+14 2.3933982482338473e-01 9.0567868404738334e+00
1.9440771414550362e+14 2.3742744952785572e-01 9.5296594584153347e+00
1.9453907070911547e+14 2.3552448861709635e-01 1.0003372184872921e+01
1.9467042727272728e+14 2.3363067458452907e-01 1.0477923164271676e+01
("port 2","mode 1",1,"port 1",1,"transmission")
(20, 3)
1.9217465256410256e+14 1.8423735308872322e-03 2.8396669335256869e-01
1.9230600912771438e+14 1.8460393950887621e-03 8.2518451820163397e-01
1.9243736569132622e+14 1.8478630668861942e-03 1.3692573378472555e+00
1.9256872225493803e+14 1.8480648677520197e-03 1.9161626361754998e+00
1.9270007881854988e+14 1.8469135495363278e-03 2.4658587718710043e+00
1.9283143538216169e+14 1.8447138034192697e-03 3.0182807347299829e+00
1.9296279194577353e+14 1.8417915480656497e-03 3.5733367588381744e+00
1.9309414850938534e+14 1.8384779664504830e-03 4.1309062678592730e+00
1.9322550507299719e+14 1.8350934430663168e-03 4.6908395123745841e+00
1.9335686163660900e+14 1.8319325654951527e-03 5.2529590824329286e+00
1.9348821820022084e+14 1.8292511930888074e-03 5.8170632627607723e+00
1.9361957476383266e+14 1.8272562950041689e-03 6.3829309812570889e+00
1.9375093132744450e+14 1.8260988858715824e-03 6.9503279275450991e+00
1.9388228789105631e+14 1.8258700219794420e-03 7.5190133238021266e+00
1.9401364445466816e+14 1.8265995410559296e-03 8.0887468305267642e+00
1.9414500101827997e+14 1.8282570851105456e-03 8.6592951539188885e+00
1.9427635758189181e+14 1.8307549480589900e-03 9.2304380546638090e+00
1.9440771414550362e+14 1.8339524048522325e-03 9.8019735952010745e+00
1.9453907070911547e+14 1.8376613424140693e-03 1.0373722564955663e+01
1.9467042727272728e+14 1.8416531514369740e-03 1.0945532070193480e+01
("port 2","mode 1",1,"port 2",1,"transmission")
(20, 3)
1.9217465256410256e+14 1.3268509408506192e-02 2.6144178177415340e+00
1.9230600912771438e+14 1.3230898505447553e-02 2.9512739108390624e+00
1.9243736569132622e+14 1.2302308264735233e-02 3.2998231952516921e+00
1.9256872225493803e+14 1.0629920059091916e-02 3.6637512804074617e+00
1.9270007881854988e+14 8.4544211516182025e-03 4.0524393893308455e+00
1.9283143538216169e+14 6.0883145844990300e-03 4.4897983307979672e+00
1.9296279194577353e+14 3.9128962845002679e-03 5.0421598454126251e+00
1.9309414850938534e+14 2.4610405259102605e-03 5.8661052391854600e+00
1.9322550507299719e+14 2.2733016689367399e-03 6.8667125260342772e+00
1.9335686163660900e+14 2.7678152992017123e-03 7.5198905111542373e+00
1.9348821820022084e+14 3.2350496873506914e-03 7.8746065980832656e+00
1.9361957476383266e+14 3.6657537902446574e-03 8.0698635531327341e+00
1.9375093132744450e+14 4.2903546582673006e-03 8.2075683584049894e+00
1.9388228789105631e+14 5.2139363216950202e-03 8.3804788635464487e+00
1.9401364445466816e+14 6.3181334689313105e-03 8.6296221626556573e+00
1.9414500101827997e+14 7.3996354276124280e-03 8.9518381656398276e+00
1.9427635758189181e+14 8.2947855774635204e-03 9.3326869426185333e+00
1.9440771414550362e+14 8.9190291942571852e-03 9.7594488613315207e+00
1.9453907070911547e+14 9.2555315111599833e-03 1.0221410948142887e+01
1.9467042727272728e+14 9.3158307694408467e-03 1.0707804436417607e+01
("port 2","mode 1",1,"port 3",1,"transmission")
(20, 3)
1.9217465256410256e+14 2.7097813775996188e-01 -2.1466820298337659e+00
1.9230600912771438e+14 2.6894023362247010e-01 -1.6377537072104902e+00
1.9243736569132622e+14 2.6690718333842239e-01 -1.1278646492404465e+00
1.9256872225493803e+14 2.6487978953624408e-01 -6.1701907769214015e-01
1.9270007881854988e+14 2.6285901195323658e-01 -1.0521936242052521e-01
1.9283143538216169e+14 2.6084563255402488e-01 4.0753393991250120e-01
1.9296279194577353e+14 2.5884001427881442e-01 9.2124130521843561e-01
1.9309414850938534e+14 2.5684204932756144e-01 1.4359030642972757e+00
1.9322550507299719e+14 2.5485131057007215e-01 1.9515183387089283e+00
1.9335686163660900e+14 2.5286733332046507e-01 2.4680845448441580e+00
1.9348821820022084e+14 2.5088990165303426e-01 2.9855976686323045e+00
1.9361957476383266e+14 2.4891921583916771e-01 3.5040531760532807e+00
1.9375093132744450e+14 2.4695587296685351e-01 4.0234471501730207e+00
1.9388228789105631e+14 2.4500067587439939e-01 4.5437771528933544e+00
1.9401364445466816e+14 2.4305435927047139e-01 5.0650424369522593e+00
1.9414500101827997e+14 2.4111735457969263e-01 5.5872434216195401e+00
1.9427635758189181e+14 2.3918969392198075e-01 6.1103806653607249e+00
1.9440771414550362e+14 2.3727108989682996e-01 6.6344537805423895e+00
1.9453907070911547e+14 2.3536115076242642e-01 7.1594607496318536e+00
1.9467042727272728e+14 2.3345963404561001e-01 7.6853979183842540e+00
("port 2","mode 1",1,"port 4",1,"transmission")
(20, 3)
1.9217465256410256e+14 9.2164346666095287e-01 -2.4105908986665501e+00
1.9230600912771438e+14 9.2738200059224896e-01 -1.7936110713785698e+00
1.9243736569132622e+14 9.3363368581044226e-01 -1.1743689844404925e+00
1.9256872225493803e+14 9.4020667472716435e-01 -5.5280949521941614e-01
1.9270007881854988e+14 9.4690381339278484e-01 7.1078434789805495e-02
1.9283143538216169e+14 9.5353189379729775e-01 6.9726484646632059e-01
1.9296279194577353e+14 9.5990975634198850e-01 1.3256850177134922e+00
1.9309414850938534e+14 9.6587383637507285e-01 1.9562473523284980e+00
1.9322550507299719e+14 9.7128078534392970e-01 2.5888409444446725e+00
1.9335686163660900e+14 9.7600799239095670e-01 3.2233412790519678e+00
1.9348821820022084e+14 9.7995350066306286e-01 3.8596136658551554e+00
1.9361957476383266e+14 9.8303658567369023e-01 4.4975151896881052e+00
1.9375093132744450e+14 9.8519932210262662e-01 5.1368965384320857e+00
1.9388228789105631e+14 9.8640842657134176e-01 5.7776047644255835e+00
1.9401364445466816e+14 9.8665618617245432e-01 6.4194871099034447e+00
1.9414500101827997e+14 9.8595964777688838e-01 7.0623951054605474e+00
1.9427635758189181e+14 9.8435817842126516e-01 7.7061878260877137e+00
1.9440771414550362e+14 9.8191036915488850e-01 8.3507336535313250e+00
1.9453907070911547e+14 9.7869145984217243e-01 8.9959108217646016e+00
1.9467042727272728e+14 9.7479187501268794e-01 9.6416077868815364e+00
("port 3","mode 1",1,"port 1",1,"transmission")
(20, 3)
1.9217465256410256e+14 9.5224737940054338e-01 -1.2994910833602580e+00
1.9230600912771438e+14 9.5287685363647734e-01 -9.5206883364437800e-01
1.9243736569132622e+14 9.5349466198925636e-01 -6.0399558524095764e-01
1.9256872225493803e+14 9.5410080453228940e-01 -2.5527288708739854e-01
1.9270007881854988e+14 9.5469541336770725e-01 9.4097710315996161e-02
1.9283143538216169e+14 9.5527870830818773e-01 4.4411472786553191e-01
1.9296279194577353e+14 9.5585092105035607e-01 7.9477678837565380e-01
1.9309414850938534e+14 9.5641221759503625e-01 1.1460825941362480e+00
1.9322550507299719e+14 9.5696264891308014e-01 1.4980308610989002e+00
1.9335686163660900e+14 9.5750214892492591e-01 1.8506202356526429e+00
1.9348821820022084e+14 9.5803058085616921e-01 2.2038492265574012e+00
1.9361957476383266e+14 9.5854781464730709e-01 2.5577161790156917e+00
1.9375093132744450e+14 9.5905380615088287e-01 2.9122193022032001e+00
1.9388228789105631e+14 9.5954864777470894e-01 3.2673567416221392e+00
1.9401364445466816e+14 9.6003257044794987e-01 3.6231266707887833e+00
1.9414500101827997e+14 9.6050589455624125e-01 3.9795273692125837e+00
1.9427635758189181e+14 9.6096894629940921e-01 4.3365572581823537e+00
1.9440771414550362e+14 9.6142196887353215e-01 4.6942148808847524e+00
1.9453907070911547e+14 9.6186506022930962e-01 5.0524988333824474e+00
1.9467042727272728e+14 9.6229816004098578e-01 5.4114076706933290e+00
("port 3","mode 1",1,"port 2",1,"transmission")
(20, 3)
1.9217465256410256e+14 2.7068427901577702e-01 -2.1465941226578980e+00
1.9230600912771438e+14 2.6864895481911538e-01 -1.6377126173253100e+00
1.9243736569132622e+14 2.6662321804545475e-01 -1.1278638548802680e+00
1.9256872225493803e+14 2.6460572927301390e-01 -6.1704495798400505e-01
1.9270007881854988e+14 2.6259485793488646e-01 -1.0525744949961049e-01
1.9283143538216169e+14 2.6058950513478385e-01 4.0749330674535028e-01
1.9296279194577353e+14 2.5858954029047854e-01 9.2120051233284039e-01
1.9309414850938534e+14 2.5659566500334213e-01 1.4358586935009945e+00
1.9322550507299719e+14 2.5460885519361864e-01 1.9514652447348679e+00
1.9335686163660900e+14 2.5262975863213161e-01 2.4680200258457452e+00
1.9348821820022084e+14 2.5065841314912563e-01 2.9855234996332700e+00
1.9361957476383266e+14 2.4869442125921892e-01 3.5039747499286493e+00
1.9375093132744450e+14 2.4673741968977633e-01 4.0233707012447404e+00
1.9388228789105631e+14 2.4478750282764225e-01 4.5437070087661962e+00
1.9401364445466816e+14 2.4284530501973917e-01 5.0649799546727152e+00
1.9414500101827997e+14 2.4091168301163920e-01 5.5871880001878402e+00
1.9427635758189181e+14 2.3898721219654914e-01 6.1103318475812634e+00
1.9440771414550362e+14 2.3707184247284338e-01 6.6344128422277713e+00
1.9453907070911547e+14 2.3516496441420121e-01 7.1594306731549819e+00
1.9467042727272728e+14 2.3326587170006458e-01 7.6853818773419320e+00
("port 3","mode 1",1,"port 3",1,"transmission")
(20, 3)
1.9217465256410256e+14 5.2158552206668365e-03 -4.8121727935201747e-01
1.9230600912771438e+14 5.0896538877411553e-03 6.0370817340294432e-02
1.9243736569132622e+14 5.2812270381941235e-03 5.6340138585499866e-01
1.9256872225493803e+14 5.5891875949654578e-03 1.0070208356164481e+00
1.9270007881854988e+14 5.8373288219524212e-03 1.3996846326481780e+00
1.9283143538216169e+14 5.9176424411252811e-03 1.7579417749963433e+00
1.9296279194577353e+14 5.7829758257576802e-03 2.0967911661482477e+00
1.9309414850938534e+14 5.4317697118213106e-03 2.4287301061788336e+00
1.9322550507299719e+14 4.8966942114524840e-03 2.7653811207734331e+00
1.9335686163660900e+14 4.2372548829123138e-03 3.1195846494947594e+00
1.9348821820022084e+14 3.5347050397425820e-03 3.5071381365194729e+00
1.9361957476383266e+14 2.8860513234355211e-03 3.9454611936666342e+00
1.9375093132744450e+14 2.3867701145250174e-03 4.4407852282262494e+00
1.9388228789105631e+14 2.0839418012896767e-03 4.9601134701226224e+00
1.9401364445466816e+14 1.9235090905699885e-03 5.4299344617715732e+00
1.9414500101827997e+14 1.7837476940615901e-03 5.7853797588391878e+00
1.9427635758189181e+14 1.5836509751477512e-03 5.9759458421019280e+00
1.9440771414550362e+14 1.3937950394215970e-03 5.9198774180530096e+00
1.9453907070911547e+14 1.5318315836593886e-03 5.6340354290192849e+00
1.9467042727272728e+14 2.2327038340893899e-03 5.4588602149834253e+00
("port 3","mode 1",1,"port 4",1,"transmission")
(20, 3)
1.9217465256410256e+14 2.1739767591298100e-03 2.6891262394491879e+00
1.9230600912771438e+14 2.2201362688318146e-03 3.2985106878505164e+00
1.9243736569132622e+14 2.2596527102986658e-03 3.9133550344180232e+00
1.9256872225493803e+14 2.2918889355767287e-03 4.5332183436731501e+00
1.9270007881854988e+14 2.3164603904513997e-03 5.1576867550283723e+00
1.9283143538216169e+14 2.3332197621895772e-03 5.7863647817167108e+00
1.9296279194577353e+14 2.3422297494631590e-03 6.4188659748329311e+00
1.9309414850938534e+14 2.3437225392573860e-03 7.0548045350271078e+00
1.9322550507299719e+14 2.3380483770017563e-03 7.6937879975498911e+00
1.9335686163660900e+14 2.3256192591116303e-03 8.3354107894948761e+00
1.9348821820022084e+14 2.3068554318312739e-03 8.9792490583593185e+00
1.9361957476383266e+14 2.2821414484952784e-03 9.6248579762718158e+00
1.9375093132744450e+14 2.2517958917312826e-03 1.0271772917309326e+01
1.9388228789105631e+14 2.2160561084223584e-03 1.0919515052387439e+01
1.9401364445466816e+14 2.1750776189151015e-03 1.1567600220737040e+01
1.9414500101827997e+14 2.1289472880659348e-03 1.2215548178707921e+01
1.9427635758189181e+14 2.0777089356034634e-03 1.2862888386696598e+01
1.9440771414550362e+14 2.0213987760583428e-03 1.3509158899567163e+01
1.9453907070911547e+14 1.9600857746041524e-03 1.4153896548830714e+01
1.9467042727272728e+14 1.8939098235183746e-03 1.4796618755691767e+01
("port 4","mode 1",1,"port 1",1,"transmission")
(20, 3)
1.9217465256410256e+14 2.7136922488563381e-01 1.6066499015741620e+00
1.9230600912771438e+14 2.6931597508917615e-01 2.0658361245360228e+00
1.9243736569132622e+14 2.6727033294257085e-01 2.5258896652368623e+00
1.9256872225493803e+14 2.6523246383097898e-01 2.9868083939734449e+00
1.9270007881854988e+14 2.6320257360756283e-01 3.4485902421781223e+00
1.9283143538216169e+14 2.6118089154406599e-01 3.9112332791437288e+00
1.9296279194577353e+14 2.5916764552676108e-01 4.3747357436060508e+00
1.9309414850938534e+14 2.5716303808902624e-01 4.8390960197349315e+00
1.9322550507299719e+14 2.5516723136992542e-01 5.3043125673193581e+00
1.9335686163660900e+14 2.5318034563935887e-01 5.7703838323921639e+00
1.9348821820022084e+14 2.5120247095843418e-01 6.2373081712272089e+00
1.9361957476383266e+14 2.4923368674048021e-01 6.7050838151062537e+00
1.9375093132744450e+14 2.4727408119787136e-01 7.1737088876257209e+00
1.9388228789105631e+14 2.4532376288660465e-01 7.6431814663616660e+00
1.9401364445466816e+14 2.4338285965836465e-01 8.1134996638442427e+00
1.9414500101827997e+14 2.4145150511933339e-01 8.5846616952005839e+00
1.9427635758189181e+14 2.3952981739711679e-01 9.0566659043284545e+00
1.9440771414550362e+14 2.3761787791986369e-01 9.5295107354028534e+00
1.9453907070911547e+14 2.3571571798521065e-01 1.0003194656442435e+01
1.9467042727272728e+14 2.3382331815993090e-01 1.0477716059292806e+01
("port 4","mode 1",1,"port 2",1,"transmission")
(20, 3)
1.9217465256410256e+14 9.2163113253359430e-01 -2.4105806722940328e+00
1.9230600912771438e+14 9.2737077011576619e-01 -1.7936075464639025e+00
1.9243736569132622e+14 9.3362505933010820e-01 -1.1743690639968500e+00
1.9256872225493803e+14 9.4020012639994144e-01 -5.5281073416075954e-01
1.9270007881854988e+14 9.4689799415260334e-01 7.1076791149621399e-02
1.9283143538216169e+14 9.5352604201902280e-01 6.9726210105433040e-01
1.9296279194577353e+14 9.5990442997091041e-01 1.3256802090916053e+00
1.9309414850938534e+14 9.6587054721594912e-01 1.9562405226749489e+00
1.9322550507299719e+14 9.7128082323032305e-01 2.5888336234484952e+00
1.9335686163660900e+14 9.7601124660302085e-01 3.2233358447131399e+00
1.9348821820022084e+14 9.7995810147777362e-01 3.8596119645996381e+00
1.9361957476383266e+14 9.8303968770324268e-01 4.4975172807160906e+00
1.9375093132744450e+14 9.8519863495464255e-01 5.1369003836356466e+00
1.9388228789105631e+14 9.8640360377113268e-01 5.7776071410175067e+00
1.9401364445466816e+14 9.8664921801596062e-01 6.4194852984591693e+00
1.9414500101827997e+14 9.8595395796966823e-01 7.0623884280370142e+00
1.9427635758189181e+14 9.8435687307809361e-01 7.7061781603275117e+00
1.9440771414550362e+14 9.8191458624131434e-01 8.3507246034947524e+00
1.9453907070911547e+14 9.7869972311616582e-01 8.9959059676666406e+00
1.9467042727272728e+14 9.7480079758455729e-01 9.6416089419355586e+00
("port 4","mode 1",1,"port 3",1,"transmission")
(20, 3)
1.9217465256410256e+14 1.8604529634925519e-03 2.8086242239052144e+00
1.9230600912771438e+14 1.8578271170992442e-03 3.3990274084366479e+00
1.9243736569132622e+14 1.8538061881076837e-03 3.9920014958449230e+00
1.9256872225493803e+14 1.8485796587900207e-03 4.5875731591648492e+00
1.9270007881854988e+14 1.8423910552773501e-03 5.1857592039271792e+00
1.9283143538216169e+14 1.8355295836298871e-03 5.7865566959301376e+00
1.9296279194577353e+14 1.8283152744587906e-03 6.3899332682097487e+00
1.9309414850938534e+14 1.8210801254396379e-03 6.9958193601046643e+00
1.9322550507299719e+14 1.8141477663897458e-03 7.6041038961741547e+00
1.9335686163660900e+14 1.8078137227199845e-03 8.2146343972992515e+00
1.9348821820022084e+14 1.8023278304837385e-03 8.8272218028981158e+00
1.9361957476383266e+14 1.7978800530627208e-03 9.4416494875632626e+00
1.9375093132744450e+14 1.7945909045917964e-03 1.0057685214264902e+01
1.9388228789105631e+14 1.7925076805153542e-03 1.0675094214530482e+01
1.9401364445466816e+14 1.7916073888348510e-03 1.1293651339584724e+01
1.9414500101827997e+14 1.7918064080665931e-03 1.1913150364813012e+01
1.9427635758189181e+14 1.7929754815068501e-03 1.2533409074580769e+01
1.9440771414550362e+14 1.7949570476100763e-03 1.3154269646146528e+01
1.9453907070911547e+14 1.7975807166199544e-03 1.3775594940041751e+01
1.9467042727272728e+14 1.8006725808410653e-03 1.4397262362483517e+01
("port 4","mode 1",1,"port 4",1,"transmission")
(20, 3)
1.9217465256410256e+14 8.4284472319634558e-03 2.9771728514022571e+00
1.9230600912771438e+14 9.0036021167129617e-03 3.3188063297866979e+00
1.9243736569132622e+14 8.7394286204090874e-03 3.7055014448299133e+00
1.9256872225493803e+14 7.7854243986373167e-03 4.1429617716349449e+00
1.9270007881854988e+14 6.4298564985637002e-03 4.6536426731377283e+00
1.9283143538216169e+14 5.0898477442031945e-03 5.2766829543976321e+00
1.9296279194577353e+14 4.2440258827465636e-03 6.0272142103140389e+00
1.9309414850938534e+14 4.0941587930997470e-03 6.7946703744311714e+00
1.9322550507299719e+14 4.2740059451991403e-03 7.4363932263118109e+00
1.9335686163660900e+14 4.3089093136716430e-03 7.9353377263971598e+00
1.9348821820022084e+14 4.0023838360986261e-03 8.3121033563105016e+00
1.9361957476383266e+14 3.4426088446340201e-03 8.5538584583794535e+00
1.9375093132744450e+14 2.9725436823634247e-03 8.6233085497078790e+00
1.9388228789105631e+14 3.0339506283171848e-03 8.5970502737049159e+00
1.9401364445466816e+14 3.6421919440923537e-03 8.6953297213199132e+00
1.9414500101827997e+14 4.4206856042671248e-03 8.9750697923451330e+00
1.9427635758189181e+14 5.1128407571070528e-03 9.3851832175262633e+00
1.9440771414550362e+14 5.6725416901559425e-03 9.8844582069289313e+00
1.9453907070911547e+14 6.1743502492839619e-03 1.0441986186972873e+01
1.9467042727272728e+14 6.6908837376527010e-03 1.1025710850895440e+01
